# 追蹤池候選 2026-10-06：篩掉與核對沒過的（附原因）

## ①非普通股：442 檔

## ②市值不足：974 檔
1108
1109
1213
1217
1219
1220
1233
1236
1240
1259
1294
1295
1316
1323
1324
1325
1336
1337
1338
1339
1340
1341
1410
1413
1414
1416
1417
1418
1423
1432
1435
1438
1439
1441
1443
1445
1446
1449
1451
1452
1453
1454
1456
1457
1460
1463
1464
1465
1466
1467
1468
1470
1471
1472
1473
1474
1475
1506
1512
1516
1517
1521
1524
1525
1526
1527
1528
1529
1530
1531
1533
1538
1539
1540
1541
1565
1568
1570
1580
1584
1586
1587
1589
1591
1593
1595
1598
1599
1611
1616
1617
1626
1730
1731
1732
1733
1735
1742
1752
1760
1762
1776
1777
1780
1781
1783
1784
1786
1796
1805
1806
1813
1817
1906
2007
2012
2017
2022
2024
2025
2032
2038
2061
2062
2063
2064
2065
2066
2067
2069
2070
2073
2109
2115
2230
2235
2237
2239
2241
2243
2248
2250
2314
2321
2364
2380
2390
2415
2424
2425
2427
2429
2430
2431
2432
2434
2438
2440
2442
2444
2461
2462
2468
2471
2477
2482
2483
2488
2491
2496
2506
2509
2514
2516
2537
2538
2596
2601
2611
2613
2616
2642
2643
2701
2702
2705
2712
2718
2719
2722
2724
2726
2732
2734
2736
2739
2740
2743
2745
2748
2751
2752
2754
2755
2756
2809
2867
2888
2901
2904
2906
2910
2911
2916
2924
2926
2929
2937
2939
2941
2945
2947
2948
2949
3002
3011
3018
3021
3024
3025
3027
3038
3040
3041
3043
3046
3047
3050
3051
3052
3054
3057
3058
3060
3064
3066
3067
3071
3073
3083
3085
3092
3095
3114
3115
3118
3122
3128
3150
3158
3164
3168
3171
3178
3188
3191
3202
3205
3206
3207
3224
3226
3229
3230
3232
3252
3257
3259
3266
3268
3272
3276
3284
3285
3287
3288
3290
3294
3296
3297
3303
3306
3308
3311
3313
3321
3322
3323
3325
3332
3339
3346
3349
3354
3356
3360
3372
3373
3379
3390
3419
3426
3430
3432
3434
3437
3438
3444
3447
3454
3465
3466
3467
3484
3489
3490
3492
3494
3499
3501
3508
3511
3512
3516
3520
3521
3522
3523
3527
3530
3531
3537
3540
3541
3546
3550
3552
3556
3557
3564
3567
3570
3580
3591
3593
3594
3597
3607
3609
3615
3623
3625
3628
3629
3631
3632
3646
3652
3664
3666
3669
3672
3684
3685
3686
3687
3710
3713
4102
4106
4108
4109
4111
4113
4116
4120
4121
4127
4130
4131
4133
4138
4139
4148
4153
4154
4155
4160
4161
4168
4171
4173
4175
4178
4183
4188
4190
4192
4195
4198
4207
4303
4304
4305
4401
4402
4406
4413
4414
4416
4417
4420
4426
4430
4432
4433
4439
4440
4442
4502
4503
4510
4513
4523
4527
4528
4529
4530
4533
4534
4535
4538
4541
4543
4545
4550
4552
4554
4555
4557
4558
4560
4561
4562
4563
4564
4568
4569
4577
4580
4581
4582
4584
4588
4590
4609
4702
4706
4711
4714
4716
4720
4726
4729
4735
4737
4741
4744
4745
4747
4754
4767
4804
4806
4807
4903
4905
4909
4911
4923
4924
4930
4933
4934
4935
4942
4943
4945
4946
4950
4951
4956
4972
4987
4995
4999
5011
5014
5015
5016
5201
5202
5203
5205
5206
5209
5210
5211
5212
5215
5220
5223
5225
5227
5228
5230
5244
5245
5251
5258
5272
5276
5283
5291
5301
5302
5310
5315
5321
5324
5344
5345
5348
5353
5355
5356
5364
5371
5381
5398
5410
5426
5432
5438
5450
5452
5455
5457
5460
5465
5468
5481
5484
5487
5488
5489
5490
5493
5514
5516
5523
5529
5533
5543
5546
5547
5548
5601
5603
5604
5701
5703
5704
5706
5878
5902
5905
5906
5907
6028
6101
6103
6108
6109
6111
6113
6114
6118
6122
6123
6124
6126
6128
6129
6130
6133
6134
6136
6140
6142
6144
6148
6150
6151
6152
6154
6156
6158
6160
6161
6164
6165
6167
6169
6170
6171
6174
6185
6194
6195
6198
6201
6203
6204
6210
6212
6216
6218
6219
6220
6222
6225
6226
6228
6229
6233
6234
6236
6237
6240
6241
6242
6243
6246
6248
6259
6264
6266
6270
6272
6275
6276
6283
6287
6288
6292
6294
6405
6417
6418
6419
6423
6425
6431
6432
6441
6457
6461
6465
6470
6474
6477
6482
6485
6486
6492
6494
6496
6498
6504
6506
6508
6512
6514
6516
6517
6523
6527
6530
6532
6542
6546
6552
6556
6558
6560
6568
6569
6570
6573
6574
6577
6578
6582
6588
6590
6591
6593
6596
6597
6598
6603
6606
6609
6612
6614
6615
6616
6624
6625
6629
6637
6641
6642
6645
6649
6657
6661
6662
6666
6671
6674
6680
6684
6689
6692
6697
6698
6703
6708
6716
6720
6721
6722
6728
6730
6733
6735
6742
6747
6751
6752
6754
6767
6771
6776
6791
6792
6794
6796
6799
6804
6806
6807
6821
6823
6835
6838
6840
6843
6844
6846
6855
6856
6865
6872
6874
6875
6881
6884
6885
6887
6899
6904
6906
6908
6909
6910
6916
6918
6921
6924
6925
6928
6929
6931
6934
6936
6951
6952
6955
6961
6967
6968
6969
6971
6982
6986
6988
6994
6997
7402
7547
7584
7631
7642
7704
7705
7708
7709
7713
7714
7715
7716
7718
7721
7723
7732
7738
7743
7747
7753
7757
7760
7767
7770
7772
7782
7791
7794
7803
7811
7814
7819
7820
7821
7823
7835
7839
7842
8011
8024
8032
8034
8038
8044
8047
8048
8049
8059
8066
8067
8068
8071
8072
8074
8077
8080
8084
8085
8087
8088
8089
8092
8093
8097
8101
8102
8104
8107
8162
8171
8176
8182
8183
8201
8222
8272
8277
8279
8284
8289
8291
8342
8354
8367
8401
8403
8409
8410
8411
8416
8420
8421
8423
8424
8426
8429
8431
8432
8433
8435
8437
8440
8442
8443
8444
8446
8450
8455
8463
8466
8467
8472
8476
8477
8481
8487
8488
8489
8905
8906
8921
8923
8924
8928
8929
8930
8933
8935
8940
8941
9103
9110
9902
9906
9912
9919
9928
9929
9931
9934
9935
9944
9949
9950
9951
9955
9960
9962
7825
2938
7812
6604

## ③量不持續：752 檔
1102
1103
1104
1110
1201
1203
1210
1215
1218
1225
1227
1229
1231
1232
1234
1235
1256
1264
1268
1304
1305
1307
1308
1309
1310
1312
1313
1314
1315
1319
1321
1342
1402
1409
1419
1434
1436
1437
1440
1442
1444
1447
1455
1459
1477
1503
1504
1513
1514
1515
1522
1532
1535
1536
1537
1558
1563
1569
1582
1583
1597
1603
1604
1608
1609
1612
1614
1615
1618
1623
1702
1707
1708
1710
1711
1712
1713
1714
1718
1720
1721
1722
1723
1725
1726
1734
1736
1737
1773
1788
1789
1795
1799
1808
1809
1810
1903
1904
1905
1907
1909
2006
2008
2009
2010
2013
2014
2015
2020
2023
2028
2029
2030
2031
2033
2034
2035
2072
2101
2102
2103
2104
2105
2106
2107
2108
2114
2201
2204
2206
2207
2208
2211
2227
2228
2231
2233
2236
2247
2254
2258
2302
2312
2316
2323
2328
2329
2331
2332
2340
2342
2347
2348
2349
2352
2355
2359
2362
2365
2367
2369
2371
2373
2374
2385
2387
2388
2392
2393
2397
2399
2401
2402
2405
2406
2413
2414
2417
2419
2420
2423
2428
2433
2439
2450
2453
2457
2458
2459
2460
2465
2466
2476
2478
2480
2485
2493
2495
2497
2498
2501
2504
2505
2511
2515
2520
2524
2527
2528
2530
2534
2535
2536
2539
2540
2543
2545
2546
2547
2548
2597
2605
2606
2607
2608
2610
2612
2614
2617
2630
2633
2636
2640
2641
2645
2646
2704
2706
2707
2723
2727
2729
2731
2753
2762
2812
2816
2820
2832
2836
2838
2845
2849
2850
2851
2852
2855
2897
2903
2905
2908
2912
2913
2915
2923
3003
3004
3005
3010
3013
3014
3015
3019
3022
3023
3028
3029
3030
3031
3032
3033
3048
3049
3056
3059
3062
3078
3086
3088
3093
3130
3135
3138
3141
3147
3152
3162
3169
3176
3209
3213
3217
3218
3219
3221
3227
3228
3236
3265
3289
3305
3310
3312
3317
3338
3357
3380
3388
3402
3413
3416
3479
3483
3485
3504
3515
3518
3526
3528
3535
3543
3545
3548
3551
3555
3558
3563
3576
3577
3581
3587
3592
3596
3611
3617
3622
3630
3645
3663
3673
3679
3689
3691
3694
3701
3703
3704
3705
3708
3709
3712
3716
3717
3718
4104
4105
4107
4114
4119
4123
4126
4128
4129
4137
4142
4147
4157
4162
4163
4164
4166
4167
4169
4174
4205
4306
4419
4438
4441
4506
4526
4532
4536
4540
4542
4549
4551
4556
4566
4571
4572
4583
4585
4707
4721
4722
4728
4736
4739
4743
4746
4755
4760
4764
4766
4768
4770
4771
4772
4906
4907
4912
4915
4916
4927
4949
4952
4953
4960
4961
4968
4973
4974
4976
4989
4994
5007
5009
5013
5213
5222
5234
5236
5243
5263
5278
5284
5287
5288
5292
5299
5306
5309
5312
5340
5386
5388
5392
5403
5434
5439
5443
5464
5469
5471
5474
5478
5498
5508
5511
5512
5515
5519
5520
5521
5522
5525
5530
5531
5534
5538
5607
5608
5609
5864
5876
5903
5904
6005
6015
6016
6020
6021
6023
6024
6026
6104
6112
6115
6117
6120
6121
6125
6127
6141
6143
6146
6153
6155
6163
6166
6168
6176
6177
6180
6183
6184
6186
6188
6189
6190
6191
6192
6202
6205
6206
6208
6214
6215
6221
6224
6227
6230
6231
6235
6244
6245
6261
6263
6265
6269
6277
6279
6281
6282
6284
6409
6411
6412
6414
6416
6435
6438
6443
6462
6464
6469
6491
6499
6509
6534
6535
6541
6547
6550
6561
6576
6579
6581
6584
6585
6589
6592
6605
6613
6617
6643
6651
6654
6655
6658
6664
6667
6668
6670
6679
6690
6693
6695
6712
6725
6732
6739
6741
6743
6753
6756
6757
6761
6762
6763
6768
6782
6785
6788
6790
6803
6811
6829
6841
6854
6859
6862
6863
6869
6870
6873
6877
6890
6894
6895
6901
6902
6903
6907
6913
6914
6922
6923
6937
6944
6945
6947
6949
6953
6957
6958
6962
6965
6983
6996
7556
7689
7703
7712
7722
7728
7730
7736
7740
7744
7749
7751
7765
7768
7777
7780
7786
7792
7805
7810
7818
7822
7827
7855
8016
8033
8040
8043
8045
8050
8054
8070
8076
8083
8091
8096
8099
8105
8109
8110
8114
8121
8131
8147
8155
8163
8213
8215
8234
8240
8249
8255
8271
8341
8349
8374
8383
8390
8404
8415
8422
8436
8438
8454
8462
8464
8473
8478
8482
8499
8908
8916
8917
8926
8927
8931
8932
8936
8937
8938
8942
9105
9136
9802
9904
9905
9907
9908
9910
9911
9914
9917
9918
9921
9924
9925
9926
9927
9930
9933
9937
9938
9939
9940
9941
9942
9943
9945
9946
9958
7856

## ④營收太小（空殼）：9 檔
2305（年營收 7.5 億）
3055（年營收 4.6 億）
3094（年營收 1.9 億）
3234（年營收 6.8 億）
6199（年營收 2.6 億）
6426（年營收 4.9 億）
6706（年營收 9.0 億）
7799（年營收 0.1 億）
8111（年營收 8.5 億）

## ⑤處置／注意／價漲無基本面：11 檔
2221（近 30 營業日被處置）
3455（近 30 營業日被處置）
5314（近 30 營業日被處置）
6526（近 30 營業日被處置）
6533（近 30 營業日被處置）
6538（近 30 營業日被處置；近 30 營業日注意 7 次）
6620（近 30 營業日被處置）
6672（近 30 營業日被處置）
6715（近 30 營業日被處置）
6933（近 30 營業日被處置）
8021（近 30 營業日被處置）

## ⑥已在追蹤池：187 檔

## Gemini 分類後核對沒過：0 家

